REACT_APP_FOURSQUARE_CLIENT_ID=
REACT_APP_FOURSQUARE_CLIENT_SECRET=
REACT_APP_FOURSQUARE_CATEGORY=4d4b7105d754a06374d81259
REACT_APP_STARTING_POINT=23.781353357876625, 90.40048187756598
REACT_APP_RADIUS_IN_METER=3000